44
*
25
*
1
*
00-1-0
#
01-1-33
#
02-1-34
#
03-1-35
#
04-1-43
#
05-1-44
#
06-1-45
#
07-1-54
#
08-1-55
#
09-1-60
#
10-1-10
#
11-1-20
#
12-1-30
#
13-1-40
#
14-1-50
#
15-1-3
#
16-1-4
#
17-1-13
#
18-1-14
#
19-1-15
#
20-1-23
#
21-1-24
#
22-1-25
#
23-1-16
#
24-1-17
#
25-1-18
#
26-1-6
#
27-1-7
#
28-1-8
#
29-1-63
#
30-1-64
#
31-1-65
#
32-1-73
#
33-1-74
#
34-1-75
#
35-1-84
#
36-1-85
#
37-1-5
#
38-1-41
#
39-1-42
#
40-1-31
#
41-1-32
#
42-1-21
#
43-1-22
#
44-1-51
#
45-1-52
#
46-1-61
#
47-1-62
#
48-1-71
#
49-1-72
#
50-1-1
#
51-1-2
#
52-1-11
#
53-1-12
*
11111111111111111111111111111111111111111111
10000000000000000000000000000000000000000001
10000000000000000000000000000000000000000001
10000000000000000000000000000000000000000001
10000000000000000100000000000000000000000001
10000000000000000100000000000000000000000001
10000000000000000100000000000000000000000001
10000000000000000100000000000000000000000001
10000000000000000000000000000000000000000001
10000000000000000000000000000000000000000001
10000000000000000000000000000000000000000001
10000000000000000000000000000000000000000001
10000000000001100000000000000000000000000001
10000000000001100000000000000000000000000001
10000000000001100000000000000000000000000001
10000000000001000000000000000000000000000001
10000000000001000000000000000000000000000001
10000000000001000000000000000000000000000001
10000000000000000000000000000000000000000001
10000000000000000000000000000000000000000001
10000000000000000000000000000000000000000001
10000000000000000000000000000000000000000001
10000000000000000000000000000000000000000001
10000000000000000000000000000000000000000001
11111111111111111111111111111111111111111111
*
00 00 00 00 00 00 00 00 00 00 00 00 00 00 00 00 00 00 00 00 00 00 00 00 00 00 00 00 00 00 00 00 00 00 00 00 00 00 00 00 00 00 00 00
00 01 02 03 09 09 09 09 09 09 09 09 09 09 09 09 09 09 09 09 09 09 09 09 09 09 09 09 09 09 09 09 09 29 30 31 00 00 00 00 00 00 00 00
00 04 05 06 00 00 00 00 00 00 00 00 00 00 00 00 00 00 00 00 00 00 00 00 00 00 00 00 00 00 00 00 00 32 33 34 00 00 00 00 00 00 00 00
00 00 07 08 00 00 00 00 00 00 00 00 00 00 00 00 00 00 00 00 00 00 00 00 00 00 00 00 00 00 00 00 00 00 35 36 00 00 00 00 00 00 00 00
00 00 12 13 00 00 00 00 00 00 00 00 00 00 00 00 00 00 00 00 00 00 00 00 00 00 00 00 00 00 00 00 00 00 00 12 13 00 00 00 00 00 00 00
00 00 14 10 00 00 00 00 00 00 00 00 00 00 00 00 00 00 00 00 00 00 00 00 00 00 00 00 00 00 00 00 00 00 00 14 10 00 00 00 00 00 00 00
00 00 00 11 00 00 00 00 00 00 00 00 00 00 00 00 00 00 00 00 00 00 00 00 00 00 00 00 00 00 00 00 00 00 00 00 11 00 00 00 00 00 00 00
00 00 00 12 13 00 00 00 00 00 00 00 00 00 00 00 00 00 00 00 00 00 00 00 00 00 00 00 00 00 00 00 00 00 00 00 12 13 00 00 00 00 00 00
00 00 00 14 10 00 00 00 00 00 00 00 00 00 00 00 00 00 00 00 00 00 00 00 00 00 00 00 00 00 00 00 00 00 00 00 14 10 00 00 00 00 00 00
00 00 00 00 37 09 09 09 40 41 00 00 00 00 00 00 00 00 00 00 00 00 00 00 00 00 00 00 00 00 00 00 00 46 47 09 09 44 00 00 00 00 00 00
00 00 00 00 12 13 00 00 14 10 00 00 00 00 00 00 00 00 00 00 00 00 00 00 00 00 00 00 00 00 00 00 00 14 10 00 00 12 13 00 00 00 00 00
00 00 00 00 14 10 00 00 00 11 00 00 00 00 00 00 00 00 00 00 00 00 00 00 00 00 00 00 00 00 00 00 00 00 11 00 00 14 10 00 00 00 00 00
00 00 00 00 00 11 00 00 00 12 13 00 00 00 00 00 00 00 00 00 00 00 00 00 00 00 00 00 00 00 00 00 00 00 12 13 00 00 11 00 00 00 00 00
00 00 00 00 00 12 13 00 00 14 10 00 00 00 00 00 00 00 00 00 00 00 00 00 00 00 00 00 00 00 00 00 00 00 14 10 00 00 12 13 00 00 00 00
00 00 00 00 00 14 10 00 00 00 11 00 00 00 00 00 00 00 00 00 00 00 00 00 00 00 00 00 00 00 00 00 00 00 00 11 00 00 14 10 00 00 00 00
00 00 00 00 00 00 11 00 00 00 12 13 00 00 00 00 00 00 00 00 00 00 00 00 00 00 00 00 00 00 00 00 00 00 00 12 13 00 00 11 00 00 00 00
00 00 00 00 00 00 38 39 09 09 42 43 00 00 00 00 00 00 00 00 00 00 00 00 00 00 00 00 00 00 00 00 00 00 00 48 49 09 09 45 13 00 00 00
00 00 00 00 00 00 14 10 00 00 00 00 00 00 00 00 00 00 00 00 00 00 00 00 00 00 00 00 00 00 00 00 00 00 00 00 00 00 00 14 10 00 00 00
00 00 00 00 00 00 00 11 00 00 00 00 00 00 00 00 00 00 00 00 00 00 00 00 00 00 00 00 00 00 00 00 00 00 00 00 00 00 00 00 11 00 00 00
00 00 00 00 00 00 00 12 13 00 00 00 00 00 00 00 00 00 00 00 00 00 00 00 00 00 00 00 00 00 00 00 00 00 00 00 00 00 00 00 12 13 00 00
00 00 00 00 00 00 00 14 10 00 00 00 00 00 00 00 00 00 00 00 00 00 00 00 00 00 00 00 00 00 00 00 00 00 00 00 00 00 00 00 14 10 00 00
00 00 00 00 00 00 00 00 15 16 00 00 00 00 00 00 00 00 00 00 00 00 00 00 00 00 00 00 00 00 00 00 00 00 00 00 00 00 00 00 00 11 00 00
00 00 00 00 00 00 00 00 17 18 19 00 00 00 00 00 00 00 00 00 00 00 00 00 00 00 00 00 00 00 00 00 00 00 00 00 00 00 00 00 26 27 28 00
00 00 00 00 00 00 00 00 20 21 22 09 09 09 09 09 09 09 09 09 09 09 09 09 09 09 09 09 09 09 09 09 09 09 09 09 09 09 09 09 23 24 25 00
00 00 00 00 00 00 00 00 00 00 00 00 00 00 00 00 00 00 00 00 00 00 00 00 00 00 00 00 00 00 00 00 00 00 00 00 00 00 00 00 00 00 00 00
*
15-8
*
0-10-00
*
20-8